10,192
10,288
10,212
10,230
10,236
10,268
10,116
10,2
10,3
9,7
9,4
9,6
9,2
9,3
8,9
8,15
8,5
8,12
8,18
8,6
8,3
41,4
41,3
41,2
41,1
41,0
40,3
40,2
40,1
40,0
39,3
39,2
39,1
39,0
38,5
38,4
38,3
38,2
38,1
38,0
37,3
37,2
37,1
37,0
36,4
36,3
36,2
36,1
36,0
25,4
25,1
20,3
20,2
20,1
19,3
19,2
19,1
12,3
12,2
12,1
11,29
11,28
11,27
11,26
11,25
11,24
11,23
11,22
11,21
11,20
11,19
11,18
11,17
11,16
11,15
11,14
11,13
11,12
11,11
11,10
11,9
11,8
11,7
11,6
11,5
11,4
11,3
11,2
11,1
10,313
10,312
10,310
10,307
10,304
10,300
10,283
10,278
10,232
